140 2 2
2.000000 0.00001
0.21895919      0.71971108
0.67929641      0.31389837
0.83096535      0.47903993
0.053461635     0.77931485
0.68677271      0.52219568
0.091964891     0.71405761
0.65391896      0.16631787
0.70119059      0.422224
0.91032083      0.31883553
0.73608188      0.45760685
0.63263857      0.14380738
0.7226604       0.3206678
0.75335583      0.46373323
0.072685883     0.87749311
0.27270997      0.64868126
0.76649478      0.39238853
0.35926498      0.64307502
0.90465309      0.18695199
0.49397668      0.54814877
0.26614451      0.73637975
0.073749075     0.79043769
0.52974739      0.40064069
0.46444582      0.56809172
0.77020455      0.16379344
0.62954342      0.23056262
0.73622451      0.065969527
0.88857221      0.23088594
0.5132737       0.31833422
0.59111358      0.24322982
0.53730398      0.38338957
0.46791737      0.62853425
0.28721237      0.7751988
0.1783277       0.7663085
0.80240573      0.25589577
0.49848012      0.33800649
0.55458385      0.51581954
0.89073748      0.37895436
0.62484929      0.085975014
0.71470997      0.503418
0.2399108       0.6709439
0.68134621      0.060274597
0.147533        0.87615123
0.58718662      0.47366216
0.59010861      0.48229278
0.55614614      0.15842396
0.40876669      0.67277244
0.56489868      0.42322414
0.48851455      0.24175423
0.65125374      0.54492761
0.24784176      0.91691429
0.4764318       0.57842135
0.38931417      0.52762005
0.20325033      0.71023354
0.94748678      0.33117965
0.13118853      0.75624968
0.88564837      0.28843555
0.09217363      0.73633707
0.36533903      0.54023723
0.25305736      0.76713302
0.78315317      0.50865692
0.34952414      0.73388084
0.21524838      0.86596086
0.67959237      0.20414434
0.25012559      0.82884477
0.86085984      0.3939987
0.81756148      0.49034177
0.75584353      0.17416348
0.82469739      0.36823673
0.10343393      0.79543708
0.57671664      0.30030901
0.87656572      0.29353873
0.44003866      0.50536909
0.86926374      0.28842873
0.88603112      0.13881256
0.46332273      0.5554808
0.71342232      0.47622826
0.66767907      0.24682623
0.68204912      0.4084118
0.31573241      0.68839481
0.46753178      0.53192527
0.31917759      0.88998057
0.68249423      0.48122673
0.83641988      0.14312388
0.70892061      0.48309189
0.82870795      0.32547527
0.2135468       0.65412826
0.38985359      0.6198854
0.77686582    0.30887354
0.7838652     0.23765611
0.28215589    0.92267568
0.81972609    0.16874402
0.60101011    0.27616354
0.82835472    0.50918299
0.15773118    0.83858058
0.23359919    0.72674889
0.63471744    0.33295071
0.79476981    0.45126372
0.69624281    0.38926233
0.75294041    0.33203456
0.66952064    0.50487466
0.63342991    0.42841739
0.22700772    0.84878311
0.69983444    0.26863618
0.52612328    0.47793654
0.32966639    0.75485767
0.48532518    0.40283149
0.8602257     0.38888944
0.55683578    0.22796971
0.73899661    0.48685151
0.52854827    0.30300425
0.31073887    0.59246226
0.58811912    0.51315049
0.51808359    0.52021714
0.37022628    0.72335304
0.47589622    0.29663054
0.078263208   0.76459728
0.36974201    0.58650577
0.67178415    0.21699766
0.67623692    0.079747635
0.51393637    0.31850888
0.72860836    0.17882267
0.72076782    0.472587
0.32156009    0.74857788
0.46043417    0.34848546
0.6613555     0.064064059
0.6056397     0.14123407
0.6700984     0.49318005
0.52280771    0.29752862
0.26661332    0.70293582
0.24673315    0.66149041
0.81710133    0.51471396
0.16074891    0.88552542
0.7078263     0.1353905
0.43663845    0.50815926
0.75171009    0.19508763
0.90330118    0.3487054
0.5847872     0.080508049
0.62686137    0.47778535
0.65905333    0.13837822
0.53866129    0.13050593

